M = 1.5;
mu = 1;
J1 = 1;
J2 = 1;
a = 1;
m = .5;