


m = 10;
l = 2;
g = 9.81;
Kp = 300;
Kd = 300;

Kp_imped = 10000;
Kd_imped = 10000;

