
m2 = 10.0 ;
l2 = 3;
g = -9.81;
b = 200;

lambda = 1.0;
eta = 30.0;

Kp = 500;
Kd = 500;