



Tca = 0.04; %  [0.04, 0.04, 0.05, 0.05, 0.03, 0.04, 0.05, 0.07, 0.06];
Tfat = [18, 18, 25, 25, 18, 18, 18, 40, 33];
Trec = 30;
Tdel = 30;
fit_min = [0, 0, 0.2, 0.2, 0, 0, 0, 0.5, 0.3];
beta =0.6;

C = [0.165, 0.05, 0.09, 0.18, 0.11, 0.04, 0.06, 0.028, 0.09];
lopt = [0.146, 0.11, 0.121, 0.173, 0.086, 0.086, 0.054, 0.033, 0.099];
vm = [0.73, 0.54, 0.48, 0.69, 0.51, 0.48, 0.32, 0.1, 0.36];
Mvis = [ 2.0 1.0 0.6];
Fmax = [1850, 2370, 2190, 400, 1000, 5200, 1600, 3600, 1100]

d = [100, 100,100,100,100,100,100,100,100];

f = [30,30,30,30,30,30,30,30,30];





